 2005687710 2018037215  #UTIL: 1000154
 2091257550 2154010459  #UTIL: 962512
 2057012437 2100379340  #UTIL: 1088202
 1556566737 1842017652  #UTIL: 993102
 1556566737 2101508170  #UTIL: 2203216
 1556566737 2194223632  #UTIL: 2666446
 1556566737 2132524091  #UTIL: 1295164
 1556566737 1594381772  #UTIL: 1409336
 1556566737 1606555018  #UTIL: 2360482
 1556566737 2340735175  #UTIL: 1939028
 1556566737 2159181605  #UTIL: 1253584
 1556566737 1659060819  #UTIL: 1472404
 1556566737 2136877520  #UTIL: 2467160
 1556566737 1679875858  #UTIL: 918924
 1556566737 2129538349  #UTIL: 1208932
 2136451344 2151461605  #UTIL: 2576404
 2136451344 2136922540  #UTIL: 1682828
 1660562555 1996360405  #UTIL: 1283188
 2066636486 2138621811  #UTIL: 1663012
 1996360405 2156186849  #UTIL: 2366664
 1996360405 2108834246  #UTIL: 1339552
 2133990480 2911964244  #UTIL: 1217324
 2133990480 2153635508  #UTIL: 1092794
 2085261163 2151103935  #UTIL: 3049948
 2124404372 2151103935  #UTIL: 1255212
 2139212933 2153635508  #UTIL: 1004968
 1880262756 2107743791  #UTIL: 1346940
 1880262756 2147152072  #UTIL: 1123532
 1566135517 2151103935  #UTIL: 1017278
 2119821739 2153635508  #UTIL: 2970126
 2126105956 2210195496  #UTIL: 1250868
 1565746575 2125055259  #UTIL: 1386774
 1565746575 2911964244  #UTIL: 958444
 1565746575 2912934387  #UTIL: 1469760
 2121947440 2165874743  #UTIL: 913068
 1791587663 2119681300  #UTIL: 1480674
 1791587663 2126512988  #UTIL: 1614628
 1791587663 2166982098  #UTIL: 1779880
 1791587663 2100408980  #UTIL: 3268712
 1791587663 1987198869  #UTIL: 2426124
 1791587663 1987198869 2100379340  #UTIL: 2084880
 1791587663 2100379340  #UTIL: 9909510
 1791587663 2100379340 2110506823  #UTIL: 1595928
 1791587663 2100379340 2169737976  #UTIL: 1135112
 1791587663 2100379340 2112042732  #UTIL: 900636
 1791587663 2110506823  #UTIL: 1787848
 1791587663 2169737976  #UTIL: 1130216
 1791587663 2008441192  #UTIL: 930728
 1791587663 2130801612  #UTIL: 1053154
 1480600454 2194223632  #UTIL: 1036276
 2118269922 2151135734  #UTIL: 916024
 2106471914 2151103935  #UTIL: 1148212
 2125055259 2911964244  #UTIL: 1845926
 2125055259 2912934387  #UTIL: 1758582
 1987198869 2100379340  #UTIL: 1569678
 2100379340 2110506823  #UTIL: 1206528
 2124386111 2151103935  #UTIL: 1915780
 2131846894 2151103935  #UTIL: 2028058
 2911964244 2912934387  #UTIL: 2107412
 1565831494 2003496454  #UTIL: 952386
 1565831494 2146125869  #UTIL: 1151920
 1565831494 2134049161  #UTIL: 1441092
 1565831494 2163020995  #UTIL: 955050
 2113242816 2912934387  #UTIL: 905648
 2340735175 2913459036  #UTIL: 1710726
 2118428193 2158049821  #UTIL: 3594812
 2118428193 2158049821 2163059190  #UTIL: 2510912
 2118428193 2158049821 2163059190 2167898414  #UTIL: 2203984
 2118428193 2158049821 2167898414  #UTIL: 2247890
 2118428193 2163059190  #UTIL: 2693048
 2118428193 2163059190 2167898414  #UTIL: 2673982
 2118428193 2167898414  #UTIL: 2750300
 1677409904 2151103935  #UTIL: 3706692
 1677409904 2151103935 2177274842  #UTIL: 949598
 2117132237 2151103935  #UTIL: 3501424
 2117132237 2151103935 2161969291  #UTIL: 978690
 2117132237 2153635508  #UTIL: 1046460
 2117132237 2161969291  #UTIL: 1343912
 2117132237 2161969291 2168356304  #UTIL: 908174
 2151103935 2172188317  #UTIL: 1573804
 2151103935 2177274842  #UTIL: 2848760
 2151103935 2584333262  #UTIL: 973236
 2151103935 2153635508  #UTIL: 2035308
 2151103935 2161969291  #UTIL: 3187436
 2151103935 2168356304  #UTIL: 902068
 2112076978 2912934387  #UTIL: 1714432
 2158049821 2163059190  #UTIL: 1756552
 2158049821 2163059190 2167898414  #UTIL: 1878814
 2158049821 2167898414  #UTIL: 1698048
 2163059190 2167898414  #UTIL: 1918374
 2153635508 2161969291  #UTIL: 1134044
 2161969291 2168356304  #UTIL: 1379024
 1569083856 2086042811  #UTIL: 1283872
